3	4
5	7
7	11
9	15
11	19
13	23
15	27
17	30
19	34
21	38
23	42
25	46
27	50
29	53
31	57
33	61
35	64
37	68
39	74
41	77
43	80
45	84
47	87
49	91
51	95
53	99
55	103
57	106
59	111
61	113
63	120
65	123
67	126
69	129
71	133
73	137
75	143
77	146
79	150
81	152
83	157
85	161
87	166
89	169
91	173
93	177
95	181
97	184
99	187
101	192
103	198
105	198
107	204
109	206
111	212
113	215
115	217
117	224
119	227
121	231
123	233
125	239
127	242
129	246
131	249
133	253
135	255
137	258
139	261
141	269
143	272
145	276
147	281
149	285
151	290
153	291
155	295
157	302
159	300
161	306
163	312
165	315
167	320
169	323
171	324
173	333
175	334
177	340
179	339
181	345
183	347
185	354
187	357
189	360
191	364
193	370
195	374
197	374
199	380
201	386
203	389
205	392
207	395
209	399
211	404
213	407
215	411
217	415
219	416
221	422
223	427
225	431
227	434
229	436
231	442
233	442
235	452
237	452
239	456
241	459
243	462
245	467
247	471
249	478
251	480
253	484
255	488
257	492
259	493
261	499
263	502
265	508
267	512
269	517
271	520
273	525
275	529
277	528
279	532
281	534
283	542
285	545
287	550
289	552
291	557
293	563
295	563
297	567
299	570
301	576
303	581
305	580
307	586
309	591
311	598
313	594
315	601
317	610
319	609
321	613
323	620
325	624
327	623
329	628
331	635
333	637
335	643
337	648
339	652
341	654
343	658
345	659
347	663
349	669
351	670
353	679
355	680
357	682
359	691
361	691
363	696
365	704
367	700
369	710
371	712
373	717
375	719
377	723
379	727
381	729
383	734
385	735
387	741
389	739
391	748
393	756
395	758
397	762
399	762
