5	5
6.0	7
7.0	9
8.0	13
9.0	15
10.0	15
11.0	20
12.0	18
13.0	24
14.0	26
15.0	28
16.0	27
17.0	29
18.0	37
19.0	37
20.0	38
21.0	43
22.0	46
23.0	43
24.0	54
25.0	39
26.0	56
27.0	54
28.0	55
29.0	46
30.0	52
31.0	65
32.0	71
33.0	77
34.0	64
35.0	65
36.0	89
37.0	75
38.0	82
39.0	96
40.0	78
41.0	99
42.0	95
43.0	84
44.0	106
45.0	103
46.0	99
47.0	98
48.0	116
49.0	112
50.0	116
51.0	98
52.0	116
53.0	114
54.0	97
55.0	131
56.0	117
57.0	132
58.0	108
59.0	130
60.0	127
61.0	123
62.0	158
63.0	141
64.0	156
65.0	170
66.0	137
67.0	170
68.0	159
69.0	141
70.0	151
71.0	176
72.0	166
73.0	163
74.0	181
75.0	153
76.0	197
77.0	177
78.0	178
79.0	166
80.0	174
81.0	202
82.0	179
83.0	188
84.0	200
85.0	225
86.0	186
87.0	180
88.0	224
89.0	197
90.0	233
91.0	213
92.0	215
93.0	225
94.0	182
95.0	184
96.0	204
97.0	232
98.0	194
99.0	173
100.0	215
