5	6
6.0	7
7.0	9
8.0	11
9.0	14
10.0	15
11.0	18
12.0	24
13.0	23
14.0	25
15.0	30
16.0	27
17.0	33
18.0	39
19.0	39
20.0	39
21.0	44
22.0	47
23.0	48
24.0	49
25.0	50
26.0	47
27.0	55
28.0	57
29.0	66
30.0	66
31.0	56
32.0	77
33.0	66
34.0	69
35.0	75
36.0	77
37.0	74
38.0	79
39.0	79
40.0	75
41.0	82
42.0	93
43.0	87
44.0	93
45.0	92
46.0	90
47.0	112
48.0	113
49.0	98
50.0	126
51.0	112
52.0	111
53.0	110
54.0	135
55.0	106
56.0	127
57.0	118
58.0	117
59.0	141
60.0	122
61.0	137
62.0	145
63.0	137
64.0	146
65.0	141
66.0	148
67.0	143
68.0	147
69.0	152
70.0	169
71.0	155
72.0	138
73.0	166
74.0	142
75.0	161
76.0	180
77.0	156
78.0	188
79.0	154
80.0	174
81.0	170
82.0	166
83.0	184
84.0	193
85.0	170
86.0	192
87.0	196
88.0	198
89.0	220
90.0	201
91.0	200
92.0	222
93.0	196
94.0	209
95.0	220
96.0	245
97.0	201
98.0	212
99.0	206
100.0	230
