3	3
5	7
7	11
9	15
11	18
13	22
15	27
17	31
19	34
21	38
23	42
25	45
27	51
29	54
31	57
33	62
35	66
37	69
39	73
41	77
43	80
45	84
47	88
49	92
51	95
53	100
55	104
57	108
59	110
61	115
63	119
65	123
67	127
69	132
71	135
73	139
75	144
77	146
79	149
81	154
83	157
85	162
87	166
89	169
91	174
93	177
95	181
97	184
99	190
101	192
103	197
105	201
107	204
109	207
111	212
113	216
115	219
117	222
119	226
121	232
123	235
125	238
127	242
129	246
131	250
133	255
135	258
137	262
139	265
141	270
143	273
145	277
147	281
149	285
151	291
153	292
155	298
157	299
159	306
161	307
163	313
165	319
167	319
169	326
171	327
173	331
175	336
177	341
179	343
181	348
183	352
185	353
187	359
189	363
191	367
193	369
195	375
197	379
199	382
201	384
203	389
205	393
207	396
209	402
211	406
213	409
215	412
217	417
219	419
221	423
223	427
225	432
227	435
229	440
231	445
233	446
235	448
237	454
239	461
241	465
243	465
245	471
247	473
249	479
251	482
253	485
255	492
257	495
259	498
261	501
263	507
265	509
267	512
269	518
271	521
273	528
275	528
277	533
279	535
281	540
283	543
285	549
287	548
289	556
291	561
293	563
295	566
297	572
299	575
301	578
303	583
305	587
307	591
309	595
311	600
313	603
315	605
317	610
319	616
321	617
323	620
325	628
327	630
329	635
331	640
333	640
335	646
337	649
339	653
341	658
343	661
345	663
347	667
349	674
351	677
353	678
355	685
357	690
359	691
361	694
363	698
365	704
367	706
369	708
371	714
373	719
375	722
377	725
379	730
381	734
383	737
385	742
387	745
389	750
391	753
393	757
395	762
397	765
399	769
