5	5
6.0	7
7.0	9
8.0	14
9.0	16
10.0	13
11.0	16
12.0	21
13.0	23
14.0	26
15.0	25
16.0	27
17.0	26
18.0	29
19.0	44
20.0	46
21.0	36
22.0	49
23.0	43
24.0	60
25.0	44
26.0	59
27.0	46
28.0	54
29.0	89
30.0	70
31.0	66
32.0	56
33.0	68
34.0	91
35.0	70
36.0	78
37.0	78
38.0	72
39.0	84
40.0	60
41.0	87
42.0	114
43.0	73
44.0	84
45.0	111
46.0	110
47.0	103
48.0	100
49.0	107
50.0	145
51.0	118
52.0	100
53.0	107
54.0	105
55.0	120
56.0	110
57.0	127
58.0	125
59.0	138
60.0	125
61.0	177
62.0	165
63.0	194
64.0	140
65.0	109
66.0	143
67.0	172
68.0	158
69.0	184
70.0	136
71.0	139
72.0	176
73.0	173
74.0	156
75.0	174
76.0	139
77.0	180
78.0	192
79.0	185
80.0	132
81.0	143
82.0	195
83.0	164
84.0	176
85.0	185
86.0	207
87.0	182
88.0	173
89.0	151
90.0	174
91.0	237
92.0	216
93.0	196
94.0	213
95.0	236
96.0	236
97.0	224
98.0	226
99.0	197
100.0	194
