3	3
5	7
7	11
9	15
11	18
13	23
15	26
17	31
19	33
21	37
23	41
25	46
27	50
29	53
31	57
33	61
35	63
37	67
39	73
41	74
43	79
45	82
47	86
49	90
51	95
53	98
55	103
57	105
59	110
61	116
63	119
65	122
67	126
69	129
71	132
73	136
75	137
77	146
79	149
81	154
83	157
85	158
87	167
89	168
91	169
93	175
95	178
97	184
99	186
101	186
103	193
105	197
107	203
109	206
111	210
113	211
115	215
117	223
119	225
121	233
123	232
125	234
127	239
129	242
131	248
133	252
135	253
137	259
139	262
141	261
143	269
145	273
147	278
149	278
151	283
153	290
155	292
157	297
159	300
161	302
163	304
165	312
167	313
169	321
171	320
173	326
175	333
177	337
179	337
181	341
183	345
185	351
187	352
189	360
191	359
193	364
195	365
197	373
199	380
201	381
203	385
205	389
207	390
209	396
211	396
213	399
215	407
217	417
219	414
221	415
223	421
225	424
227	429
229	433
231	436
233	442
235	444
237	445
239	451
241	453
243	464
245	464
247	465
249	470
251	475
253	477
255	484
257	486
259	489
261	495
263	499
265	495
267	510
269	513
271	512
273	513
275	524
277	523
279	530
281	532
283	537
285	539
287	541
289	549
291	551
293	558
295	558
297	560
299	566
301	567
303	576
305	580
307	582
309	586
311	593
313	593
315	596
317	600
319	611
321	607
323	613
325	616
327	617
329	622
331	620
333	631
335	632
337	638
339	640
341	644
343	652
345	652
347	661
349	659
351	666
353	670
355	667
357	671
359	681
361	683
363	686
365	688
367	700
369	698
371	705
373	713
375	709
377	718
379	724
381	724
383	731
385	727
387	732
389	740
391	739
393	746
395	750
397	749
399	753
