5	5
6.0	6
7.0	8
8.0	12
9.0	15
10.0	16
11.0	15
12.0	21
13.0	24
14.0	25
15.0	28
16.0	30
17.0	30
18.0	38
19.0	31
20.0	34
21.0	44
22.0	44
23.0	49
24.0	41
25.0	43
26.0	47
27.0	46
28.0	60
29.0	59
30.0	68
31.0	66
32.0	59
33.0	58
34.0	64
35.0	78
36.0	64
37.0	66
38.0	76
39.0	76
40.0	78
41.0	93
42.0	86
43.0	86
44.0	102
45.0	101
46.0	85
47.0	94
48.0	100
49.0	109
50.0	101
51.0	99
52.0	120
53.0	125
54.0	97
55.0	118
56.0	113
57.0	105
58.0	110
59.0	125
60.0	146
61.0	131
62.0	132
63.0	118
64.0	137
65.0	145
66.0	130
67.0	139
68.0	154
69.0	154
70.0	141
71.0	142
72.0	138
73.0	173
74.0	136
75.0	154
76.0	163
77.0	155
78.0	176
79.0	181
80.0	198
81.0	177
82.0	184
83.0	186
84.0	179
85.0	207
86.0	173
87.0	202
88.0	189
89.0	201
90.0	195
91.0	230
92.0	233
93.0	218
94.0	223
95.0	253
96.0	223
97.0	213
98.0	260
99.0	215
100.0	261
