5	5
6.0	7
7.0	10
8.0	12
9.0	14
10.0	16
11.0	19
12.0	20
13.0	24
14.0	24
15.0	25
16.0	31
17.0	38
18.0	38
19.0	41
20.0	38
21.0	41
22.0	45
23.0	43
24.0	52
25.0	54
26.0	55
27.0	57
28.0	55
29.0	51
30.0	54
31.0	57
32.0	62
33.0	72
34.0	70
35.0	62
36.0	81
37.0	82
38.0	81
39.0	79
40.0	75
41.0	80
42.0	90
43.0	80
44.0	94
45.0	94
46.0	99
47.0	109
48.0	108
49.0	102
50.0	107
51.0	115
52.0	126
53.0	93
54.0	113
55.0	127
56.0	136
57.0	110
58.0	130
59.0	129
60.0	123
61.0	122
62.0	158
63.0	126
64.0	151
65.0	137
66.0	149
67.0	161
68.0	137
69.0	140
70.0	158
71.0	153
72.0	173
73.0	156
74.0	165
75.0	163
76.0	164
77.0	185
78.0	173
79.0	180
80.0	183
81.0	166
82.0	184
83.0	178
84.0	164
85.0	184
86.0	186
87.0	177
88.0	224
89.0	189
90.0	210
91.0	189
92.0	212
93.0	214
94.0	219
95.0	197
96.0	192
97.0	211
98.0	210
99.0	212
100.0	233
