5	5
6.0	7
7.0	10
8.0	13
9.0	13
10.0	19
11.0	12
12.0	19
13.0	23
14.0	27
15.0	29
16.0	34
17.0	34
18.0	21
19.0	32
20.0	42
21.0	42
22.0	41
23.0	46
24.0	51
25.0	47
26.0	55
27.0	66
28.0	56
29.0	54
30.0	69
31.0	72
32.0	87
33.0	61
34.0	73
35.0	63
36.0	63
37.0	59
38.0	88
39.0	90
40.0	92
41.0	89
42.0	91
43.0	108
44.0	70
45.0	98
46.0	77
47.0	115
48.0	121
49.0	111
50.0	125
51.0	78
52.0	102
53.0	110
54.0	124
55.0	96
56.0	113
57.0	146
58.0	144
59.0	119
60.0	114
61.0	123
62.0	120
63.0	160
64.0	129
65.0	149
66.0	139
67.0	163
68.0	172
69.0	150
70.0	216
71.0	147
72.0	172
73.0	133
74.0	157
75.0	134
76.0	149
77.0	181
78.0	159
79.0	188
80.0	179
81.0	215
82.0	152
83.0	211
84.0	203
85.0	245
86.0	168
87.0	167
88.0	163
89.0	170
90.0	210
91.0	245
92.0	225
93.0	173
94.0	232
95.0	181
96.0	237
97.0	220
98.0	243
99.0	197
100.0	251
