3	4.08
5	7.72
7	12.0
9	16.05
11	19.73
13	23.6
15	26.67
17	30.88
19	34.33
21	38.56
23	41.11
25	45.27
27	50.43
29	54.03
31	57.31
33	61.85
35	64.26
37	70.33
39	73.41
41	76.68
43	79.82
45	84.57
47	88.0
49	91.14
51	94.31
53	100.19
55	104.09
57	107.14
59	112.2
61	115.67
63	119.81
65	123.04
67	127.52
69	129.1
71	134.13
73	138.08
75	141.36
77	146.23
79	150.29
81	152.6
83	157.05
85	162.83
87	165.73
89	170.15
91	172.85
93	175.55
95	180.59
97	184.32
99	187.64
101	191.76
103	196.47
105	199.04
107	205.3
109	205.78
111	211.38
113	214.14
115	219.02
117	219.38
119	227.35
121	231.59
123	234.16
125	238.26
127	241.35
129	246.49
131	249.35
133	255.72
135	259.71
137	260.41
139	263.45
141	267.34
143	274.45
145	274.76
147	280.12
149	283.0
151	287.89
153	295.73
155	296.57
157	298.97
159	302.25
161	307.2
163	312.41
165	314.78
167	317.25
169	321.59
171	327.05
173	328.45
175	332.25
177	337.32
179	343.09
181	345.03
183	349.56
185	352.61
187	356.82
189	363.66
191	366.59
193	370.38
195	373.73
197	374.35
199	378.33
201	384.07
203	390.09
205	391.86
207	395.7
209	400.87
211	402.05
213	405.32
215	408.14
217	413.37
219	421.68
221	423.19
223	428.42
225	426.88
227	437.13
229	439.64
231	444.18
233	446.43
235	447.27
237	455.05
239	458.38
241	458.68
243	466.02
245	469.22
247	469.64
249	479.79
251	481.74
253	485.31
255	486.69
257	491.56
259	494.32
261	499.61
263	503.79
265	508.24
267	512.98
269	516.39
271	518.97
273	518.58
275	523.92
277	527.47
279	535.09
281	539.5
283	542.9
285	544.86
287	548.15
289	559.37
291	554.68
293	558.24
295	564.06
297	569.44
299	572.8
301	576.64
303	581.29
305	585.3
307	585.52
309	591.25
311	596.85
313	600.65
315	602.4
317	611.05
319	609.26
321	615.87
323	616.43
325	621.7
327	626.16
329	634.11
331	634.91
333	637.86
335	640.64
337	644.79
339	647.11
341	652.46
343	656.03
345	661.88
347	664.07
349	664.22
351	674.03
353	678.37
355	679.07
357	683.16
359	689.0
361	694.14
363	693.3
365	701.48
367	700.89
369	709.57
371	711.25
373	711.71
375	717.07
377	722.68
379	725.99
381	730.35
383	734.65
385	738.88
387	743.98
389	745.54
391	750.56
393	751.23
395	756.11
397	760.93
399	764.33
