3	3.98
5	7.91
7	11.87
9	15.47
11	19.145
13	22.765
15	27.275
17	31.445
19	34.535
21	38.975
23	42.31
25	46.22
27	49.865
29	53.835
31	57.975
33	62.565
35	66.075
37	69.03
39	73.52
41	77.12
43	80.035
45	84.745
47	88.59
49	92.66
51	95.655
53	100.295
55	103.66
57	108.72
59	110.55
61	115.885
63	120.195
65	124.205
67	127.89
69	131.31
71	135.805
73	139.19
75	142.015
77	145.315
79	151.61
81	154.25
83	158.395
85	161.74
87	165.46
89	169.54
91	174.13
93	176.7
95	182.12
97	185.225
99	188.11
101	191.885
103	197.365
105	200.055
107	204.765
109	209.075
111	210.775
113	215.825
115	221.045
117	224.01
119	228.49
121	231.375
123	235.015
125	239.05
127	243.645
129	246.8
131	252.71
133	254.565
135	260.08
137	261.43
139	266.835
141	270.685
143	274.65
145	279.265
147	282.695
149	284.95
151	290.25
153	293.79
155	297.335
157	302.885
159	304.34
161	308.42
163	311.72
165	317.015
167	320.76
169	324.335
171	329.275
173	332.295
175	335.61
177	339.875
179	345.995
181	349.03
183	351.77
185	355.135
187	356.39
189	363.29
191	365.925
193	372.31
195	373.565
197	379.845
199	381.32
201	385.325
203	389.68
205	394.31
207	397.29
209	403.26
211	404.935
213	408.68
215	412.01
217	415.8
219	420.28
221	425.31
223	426.915
225	430.895
227	438.67
229	440.545
231	444.135
233	450.26
235	452.835
237	457.03
239	458.35
241	464.8
243	466.295
245	470.925
247	476.83
249	478.92
251	481.815
253	487.935
255	490.685
257	495.24
259	498.18
261	503.215
263	507.77
265	509.735
267	513.55
269	518.645
271	521.405
273	526.235
275	529.0
277	532.08
279	539.455
281	540.505
283	544.005
285	547.865
287	553.575
289	555.035
291	558.985
293	564.465
295	568.14
297	572.84
299	578.11
301	579.52
303	583.605
305	585.025
307	590.02
309	594.495
311	599.98
313	602.205
315	604.725
317	610.475
319	614.24
321	614.67
323	621.92
325	626.12
327	630.47
329	635.6
331	635.845
333	642.76
335	645.095
337	647.83
339	653.82
341	656.835
343	660.84
345	666.135
347	666.58
349	674.45
351	675.29
353	679.305
355	682.255
357	689.46
359	691.245
361	692.94
363	697.91
365	702.975
367	705.36
369	714.365
371	715.65
373	718.07
375	723.89
377	727.825
379	730.185
381	735.825
383	737.165
385	741.84
387	746.395
389	750.36
391	749.795
393	755.445
395	759.935
397	764.355
399	765.855
