3	4.14
5	7.38
7	12.12
9	15.56
11	20.52
13	21.98
15	26.58
17	29.42
19	34.02
21	37.88
23	41.8
25	44.98
27	49.8
29	53.16
31	57.04
33	59.7
35	66.76
37	67.86
39	72.14
41	75.54
43	80.4
45	83.1
47	87.64
49	92.44
51	93.98
53	99.74
55	103.62
57	108.9
59	111.34
61	114.0
63	117.16
65	120.0
67	125.8
69	128.82
71	132.6
73	137.04
75	140.78
77	145.52
79	145.84
81	153.6
83	156.28
85	160.86
87	161.68
89	166.54
91	167.18
93	173.98
95	179.38
97	183.86
99	185.06
101	191.78
103	194.88
105	195.48
107	200.42
109	204.86
111	209.32
113	212.04
115	216.04
117	219.38
119	225.16
121	229.7
123	230.72
125	235.8
127	239.02
129	241.5
131	248.0
133	253.14
135	249.2
137	259.68
139	259.8
141	264.44
143	272.84
145	273.68
147	275.4
149	280.6
151	288.58
153	290.84
155	294.98
157	298.78
159	301.76
161	304.2
163	311.48
165	309.08
167	310.56
169	317.84
171	323.32
173	326.38
175	331.7
177	337.28
179	337.98
181	348.28
183	347.06
185	349.94
187	350.96
189	358.24
191	362.16
193	367.44
195	367.38
197	370.74
199	378.18
201	382.3
203	386.54
205	389.26
207	392.2
209	397.18
211	396.62
213	404.28
215	410.76
217	410.5
219	419.44
221	415.2
223	422.74
225	428.74
227	428.16
229	433.02
231	434.78
233	445.4
235	448.38
237	444.16
239	452.36
241	457.96
243	461.0
245	462.12
247	465.82
249	468.26
251	474.9
253	479.54
255	482.38
257	488.28
259	486.46
261	492.38
263	500.7
265	499.66
267	501.72
269	511.94
271	514.84
273	516.7
275	521.2
277	516.92
279	526.18
281	532.66
283	536.04
285	539.1
287	540.42
289	555.64
291	548.82
293	552.74
295	563.98
297	563.88
299	570.9
301	567.22
303	569.88
305	576.08
307	583.44
309	582.86
311	584.98
313	592.72
315	596.34
317	597.8
319	604.96
321	611.9
323	612.28
325	611.82
327	620.48
329	628.34
331	633.78
333	630.7
335	633.44
337	641.58
339	644.42
341	647.12
343	648.54
345	658.2
347	661.08
349	660.14
351	663.68
353	666.18
355	670.36
357	675.74
359	681.2
361	686.62
363	696.92
365	689.2
367	698.6
369	698.86
371	706.46
373	711.44
375	713.38
377	719.4
379	717.46
381	718.12
383	727.86
385	732.24
387	734.64
389	744.56
391	742.24
393	746.66
395	749.38
397	753.4
399	762.38
